00001: [1.225676643187185, 56.211330519240406, 653.1234529195855, 12.837701277825095]
00002: [0.3565902949694052, 75.31777289721953, 504.57011457119165, 21.730278585480974]
00003: [1.2511739906303163, 187.9336877407604, 76.18016394468776, 7.688915377765638]
00004: [1.2515616294712324, 223.23053980497562, 579.0173040338675, 19.870242173536596]
00005: [0.3237209113182609, 48.78052763777478, 592.4655948653118, 17.03450361256317]
00006: [0.039001448236550836, 104.43632762013195, 1187.5784846482006, 41.05284055849808]
00007: [0.6717135859072237, 120.90764767410491, 1515.628919697384, 22.580418511451903]
00008: [0.7612216082716723, 274.9311101686025, 1374.9876058094464, 20.439664028944062]
00009: [0.8325782450789015, 224.35346113666452, 1321.0070827502357, 0.7356200143216329]
00010: [1.3006801409202593, 249.00165418558345, 1107.2709985663648, 36.60396593128962]
...
05468: [0.5986051313659557, 133.6024321626638, 828.484865588594, 16.14557817693988]
05469: [0.5986575496233267, 133.59077086754252, 828.6199658936172, 16.149119326235567]
05470: [0.5987015088103654, 133.61826616052235, 828.7509542242515, 16.149560200373198]
05471: [0.5986386846591139, 133.6251916579745, 828.8159260688111, 16.147334508166956]
05472: [0.5986603085473429, 133.58180078582106, 828.5789562111686, 16.149741017084704]
05473: [0.5986693753494389, 133.54926358408727, 828.4026262079443, 16.1514112470073]
05474: [0.5986524240501516, 133.62263240517424, 828.7944989571478, 16.147815898334713]
05475: [0.5975684100679194, 133.41589082512698, 828.450393697157, 16.159370529654986]
05476: [0.598291399991801, 133.13915883700977, 827.251992552975, 16.17686123514508]
05477: [0.598646086373311, 133.62198508696477, 828.7952484332451, 16.147569255083646]
