00001: [0.350985211362641, 183.58647013502423, 977.7192234143133, 8.696158548344538]
00002: [0.2898967707817826, 195.27929541479412, 158.11876515966088, 25.565933942133057]
00003: [0.04654744051391473, 12.274330292318485, 454.0157359484702, 24.767481832241753]
00004: [0.2776115450630035, 198.18054154036756, 793.4624375541771, 18.51738746124581]
00005: [0.7890910631635418, 184.3843231116926, 388.5063077432379, 29.718195744269078]
00006: [0.8813034334442958, 109.87595439607432, 1085.5848252842727, 11.090073225334095]
00007: [0.3716159126105814, 47.01197568985686, 774.4026281852699, 2.266055681797876]
00008: [0.0018110136434460467, 74.80158279606384, 981.1978877102888, 22.834782739343808]
00009: [0.3719782174775758, 158.32487203267357, 1218.5308920939942, 2.1017391309897313]
00010: [0.28285684538265493, 107.46408860195073, 1108.602111657968, 8.287881357946315]
