[0. 0.]
[0.03584969 0.02468302]
[0.06628493 0.04489148]
[0.09217881 0.06135615]
[0.11426295 0.07468929]
[0.13315044 0.08540385]
[0.14935503 0.09392958]
[0.16330723 0.10062648]
[0.17536785 0.10579616]
[0.18583924 0.10969127]
[0.19497478 0.11252346]
[0.20298685 0.11446999]
[0.21005344 0.11567935]
[0.21632373 0.1162759 ]
[0.22192278 0.11636377]
[0.22695541 0.11603018]
[0.2315095  0.11534814]
[0.23565873 0.11437877]
[0.2394649  0.11317323]
[0.24297979 0.11177435]
[0.24624689 0.11021795]
[0.24930263 0.108534  ]
[0.25217761 0.10674754]
[0.2548975  0.10487953]
[0.25748386 0.10294747]
[0.25995479 0.10096597]
[0.26232549 0.09894722]
[0.26460875 0.0969014 ]
[0.26681531 0.09483697]
[0.26895424 0.09276101]
[0.27103314 0.09067936]
[0.27305844 0.0885969 ]
[0.27503556 0.08651766]
[0.27696908 0.08444497]
[0.27886287 0.08238158]
[0.28072022 0.08032975]
[0.28254392 0.07829134]
[0.28433633 0.07626784]
[0.28609948 0.07426048]
[0.2878351  0.07227024]
[0.28954467 0.0702979 ]
[0.29122948 0.06834407]
[0.29289061 0.06640922]
[0.29452905 0.06449372]
[0.29614561 0.06259782]
[0.29774105 0.06072169]
[0.29931599 0.05886545]
[0.30087103 0.05702915]
[0.30240666 0.05521281]
[0.30392336 0.05341638]
[0.30542154 0.0516398 ]
[0.30690158 0.04988299]
[0.30836383 0.04814584]
[0.3098086  0.04642821]
[0.31123622 0.04472997]
[0.31264694 0.04305095]
[0.31404103 0.041391  ]
[0.31541876 0.03974994]
[0.31678034 0.0381276 ]
[0.31812601 0.03652379]
[0.31945599 0.03493834]
[0.32077048 0.03337104]
[0.32206969 0.03182171]
[0.32335381 0.03029017]
[0.32462304 0.02877621]
[0.32587756 0.02727965]
[0.32711755 0.0258003 ]
[0.32834319 0.02433797]
[0.32955465 0.02289247]
[0.3307521  0.02146361]
[0.33193572 0.0200512 ]
[0.33310566 0.01865506]
[0.33426209 0.017275  ]
[0.33540516 0.01591084]
[0.33653504 0.0145624 ]
[0.33765187 0.0132295 ]
[0.33875581 0.01191197]
[0.33984702 0.01060962]
[0.34092563 0.00932229]
[0.3419918  0.00804979]
[0.34304566 0.00679197]
[0.34408737 0.00554865]
[0.34511706 0.00431966]
[0.34613488 0.00310484]
[0.34714095 0.00190404]
[0.34813542 0.00071708]
[ 0.34911842 -0.0004562 ]
[ 0.35009008 -0.00161594]
[ 0.35105054 -0.00276232]
[ 0.35199991 -0.00389547]
[ 0.35293834 -0.00501555]
[ 0.35386594 -0.00612272]
[ 0.35478285 -0.00721712]
[ 0.35568918 -0.0082989 ]
[ 0.35658506 -0.0093682 ]
[ 0.35747061 -0.01042518]
[ 0.35834594 -0.01146996]
[ 0.35921118 -0.0125027 ]
[ 0.36006644 -0.01352352]
[ 0.36091184 -0.01453258]
[ 0.36174749 -0.01552999]
[ 0.3625735  -0.01651591]
[ 0.36338998 -0.01749045]
[ 0.36419705 -0.01845376]
[ 0.36499481 -0.01940595]
[ 0.36578338 -0.02034717]
[ 0.36656284 -0.02127753]
[ 0.36733332 -0.02219716]
[ 0.36809491 -0.02310619]
[ 0.36884772 -0.02400473]
[ 0.36959185 -0.02489291]
[ 0.3703274  -0.02577085]
[ 0.37105446 -0.02663866]
[ 0.37177314 -0.02749647]
[ 0.37248353 -0.02834438]
[ 0.37318573 -0.02918251]
[ 0.37387983 -0.03001098]
[ 0.37456592 -0.03082989]
[ 0.3752441  -0.03163936]
[ 0.37591447 -0.0324395 ]
[ 0.3765771  -0.03323041]
[ 0.37723209 -0.03401219]
[ 0.37787952 -0.03478496]
[ 0.37851949 -0.03554882]
[ 0.37915208 -0.03630387]
[ 0.37977738 -0.03705022]
[ 0.38039546 -0.03778795]
[ 0.38100641 -0.03851718]
[ 0.38161032 -0.039238  ]
[ 0.38220727 -0.0399505 ]
[ 0.38279733 -0.04065479]
[ 0.38338058 -0.04135095]
[ 0.38395711 -0.04203909]
[ 0.38452699 -0.04271929]
[ 0.3850903  -0.04339165]
[ 0.38564711 -0.04405625]
[ 0.3861975  -0.04471319]
[ 0.38674154 -0.04536256]
[ 0.38727931 -0.04600443]
[ 0.38781088 -0.0466389 ]
[ 0.38833632 -0.04726606]
[ 0.3888557  -0.04788598]
[ 0.38936908 -0.04849875]
[ 0.38987655 -0.04910446]
[ 0.39037817 -0.04970318]
[ 0.390874   -0.05029499]
[ 0.39136411 -0.05087999]
[ 0.39184857 -0.05145823]
[ 0.39232744 -0.05202981]
[ 0.39280079 -0.05259479]
[ 0.39326868 -0.05315326]
[ 0.39373118 -0.05370529]
[ 0.39418834 -0.05425095]
[ 0.39464023 -0.05479032]
[ 0.39508691 -0.05532347]
[ 0.39552844 -0.05585047]
[ 0.39596487 -0.0563714 ]
[ 0.39639627 -0.05688631]
[ 0.3968227  -0.05739529]
[ 0.39724421 -0.0578984 ]
[ 0.39766086 -0.0583957 ]
[ 0.3980727  -0.05888727]
[ 0.3984798  -0.05937318]
[ 0.39888219 -0.05985347]
[ 0.39927995 -0.06032823]
[ 0.39967312 -0.06079752]
[ 0.40006176 -0.06126139]
[ 0.40044592 -0.06171991]
[ 0.40082564 -0.06217315]
[ 0.40120099 -0.06262115]
[ 0.40157201 -0.063064  ]
[ 0.40193874 -0.06350173]
[ 0.40230125 -0.06393442]
[ 0.40265958 -0.06436211]
[ 0.40301378 -0.06478488]
[ 0.40336389 -0.06520276]
[ 0.40370996 -0.06561583]
[ 0.40405205 -0.06602414]
[ 0.40439018 -0.06642774]
[ 0.40472442 -0.06682668]
[ 0.40505481 -0.06722102]
[ 0.40538138 -0.06761081]
[ 0.40570419 -0.06799611]
[ 0.40602327 -0.06837697]
[ 0.40633868 -0.06875343]
[ 0.40665044 -0.06912555]
[ 0.40695862 -0.06949338]
[ 0.40726323 -0.06985697]
[ 0.40756434 -0.07021637]
[ 0.40786197 -0.07057162]
[ 0.40815617 -0.07092277]
[ 0.40844698 -0.07126987]
[ 0.40873443 -0.07161297]
[ 0.40901857 -0.07195212]
[ 0.40929943 -0.07228735]
[ 0.40957706 -0.07261872]
[ 0.40985148 -0.07294626]
[ 0.41012273 -0.07327003]
[ 0.41039086 -0.07359007]
[ 0.4106559  -0.07390641]
[ 0.41091788 -0.07421911]
[ 0.41117684 -0.07452819]
[ 0.41143281 -0.07483372]
[ 0.41168583 -0.07513572]
[ 0.41193593 -0.07543424]
[ 0.41218315 -0.07572932]
[ 0.41242752 -0.07602099]
[ 0.41266906 -0.0763093 ]
[ 0.41290783 -0.07659428]
[ 0.41314384 -0.07687598]
[ 0.41337712 -0.07715443]
[ 0.41360772 -0.07742967]
[ 0.41383566 -0.07770173]
[ 0.41406097 -0.07797066]
[ 0.41428368 -0.07823648]
[ 0.41450382 -0.07849924]
[ 0.41472143 -0.07875897]
[ 0.41493652 -0.0790157 ]
[ 0.41514914 -0.07926948]
[ 0.4153593  -0.07952032]
[ 0.41556704 -0.07976828]
[ 0.41577238 -0.08001337]
[ 0.41597535 -0.08025564]
[ 0.41617599 -0.08049511]
[ 0.41637431 -0.08073182]
[ 0.41657034 -0.08096581]
[ 0.41676411 -0.08119709]
[ 0.41695565 -0.08142571]
[ 0.41714498 -0.08165169]
[ 0.41733212 -0.08187506]
[ 0.41751711 -0.08209586]
[ 0.41769996 -0.08231411]
[ 0.41788071 -0.08252984]
[ 0.41805937 -0.08274309]
[ 0.41823597 -0.08295388]
[ 0.41841053 -0.08316224]
[ 0.41858308 -0.08336819]
[ 0.41875364 -0.08357177]
[ 0.41892223 -0.083773  ]
[ 0.41908888 -0.08397191]
[ 0.41925361 -0.08416852]
[ 0.41941644 -0.08436287]
[ 0.41957739 -0.08455498]
[ 0.41973648 -0.08474487]
[ 0.41989374 -0.08493257]
[ 0.42004919 -0.08511811]
[ 0.42020284 -0.08530151]
[ 0.42035472 -0.08548279]
[ 0.42050485 -0.08566198]
[ 0.42065325 -0.08583911]
[ 0.42079993 -0.08601419]
[ 0.42094493 -0.08618726]
[ 0.42108825 -0.08635832]
[ 0.42122992 -0.08652742]
[ 0.42136996 -0.08669457]
[ 0.42150838 -0.08685978]
[ 0.4216452  -0.08702309]
[ 0.42178045 -0.08718452]
[ 0.42191413 -0.08734409]
[ 0.42204628 -0.08750182]
[ 0.4221769  -0.08765773]
[ 0.42230602 -0.08781184]
[ 0.42243364 -0.08796417]
[ 0.4225598  -0.08811474]
[ 0.4226845  -0.08826358]
[ 0.42280776 -0.08841071]
[ 0.4229296  -0.08855613]
[ 0.42305003 -0.08869988]
[ 0.42316908 -0.08884197]
[ 0.42328675 -0.08898243]
[ 0.42340307 -0.08912126]
[ 0.42351804 -0.08925849]
[ 0.42363169 -0.08939414]
[ 0.42374403 -0.08952823]
[ 0.42385507 -0.08966076]
[ 0.42396483 -0.08979177]
[ 0.42407333 -0.08992127]
[ 0.42418057 -0.09004928]
[ 0.42428658 -0.09017581]
[ 0.42439136 -0.09030088]
[ 0.42449494 -0.09042451]
[ 0.42459732 -0.09054671]
[ 0.42469853 -0.0906675 ]
[ 0.42479856 -0.0907869 ]
[ 0.42489744 -0.09090493]
[ 0.42499518 -0.09102159]
[ 0.4250918 -0.0911369]
[ 0.4251873  -0.09125089]
[ 0.42528169 -0.09136356]
[ 0.425375   -0.09147494]
[ 0.42546724 -0.09158502]
[ 0.42555841 -0.09169384]
[ 0.42564852 -0.09180141]
[ 0.4257376  -0.09190773]
[ 0.42582565 -0.09201283]
[ 0.42591269 -0.09211671]
[ 0.42599872 -0.0922194 ]
[ 0.42608376 -0.0923209 ]
[ 0.42616782 -0.09242124]
[ 0.42625091 -0.09252041]
[ 0.42633304 -0.09261844]
[ 0.42641423 -0.09271534]
[ 0.42649448 -0.09281113]
[ 0.4265738  -0.09290581]
[ 0.42665221 -0.09299939]
[ 0.42672971 -0.0930919 ]
[ 0.42680632 -0.09318334]
[ 0.42688205 -0.09327373]
[ 0.4269569  -0.09336307]
[ 0.42703089 -0.09345139]
[ 0.42710403 -0.09353868]
[ 0.42717632 -0.09362497]
[ 0.42724778 -0.09371026]
[ 0.42731842 -0.09379457]
[ 0.42738824 -0.09387791]
[ 0.42745726 -0.09396029]
[ 0.42752548 -0.09404171]
[ 0.42759291 -0.0941222 ]
[ 0.42765957 -0.09420176]
[ 0.42772545 -0.0942804 ]
[ 0.42779058 -0.09435814]
[ 0.42785496 -0.09443497]
[ 0.42791859 -0.09451093]
[ 0.42798149 -0.094586  ]
[ 0.42804366 -0.09466021]
[ 0.42810512 -0.09473357]
[ 0.42816587 -0.09480608]
[ 0.42822592 -0.09487775]
[ 0.42828527 -0.09494859]
[ 0.42834394 -0.09501862]
[ 0.42840194 -0.09508784]
[ 0.42845926 -0.09515627]
[ 0.42851593 -0.0952239 ]
[ 0.42857194 -0.09529076]
[ 0.4286273  -0.09535684]
[ 0.42868203 -0.09542216]
[ 0.42873612 -0.09548673]
[ 0.4287896  -0.09555055]
[ 0.42884245 -0.09561364]
[ 0.4288947 -0.095676 ]
[ 0.42894634 -0.09573764]
[ 0.42899739 -0.09579857]
[ 0.42904785 -0.09585879]
[ 0.42909772 -0.09591832]
[ 0.42914702 -0.09597717]
[ 0.42919576 -0.09603534]
[ 0.42924393 -0.09609283]
[ 0.42929154 -0.09614967]
[ 0.42933861 -0.09620584]
[ 0.42938513 -0.09626137]
[ 0.42943112 -0.09631626]
[ 0.42947658 -0.09637052]
[ 0.42952151 -0.09642415]
[ 0.42956592 -0.09647716]
[ 0.42960982 -0.09652956]
[ 0.42965322 -0.09658136]
[ 0.42969612 -0.09663256]
[ 0.42973852 -0.09668317]
[ 0.42978043 -0.09673319]
[ 0.42982186 -0.09678264]
[ 0.42986281 -0.09683152]
[ 0.42990328 -0.09687983]
[ 0.4299433  -0.09692759]
[ 0.42998285 -0.0969748 ]
[ 0.43002194 -0.09702146]
[ 0.43006058 -0.09706758]
[ 0.43009878 -0.09711317]
[ 0.43013654 -0.09715824]
[ 0.43017386 -0.09720279]
[ 0.43021075 -0.09724682]
[ 0.43024721 -0.09729034]
[ 0.43028326 -0.09733337]
[ 0.43031889 -0.09737589]
[ 0.43035411 -0.09741793]
[ 0.43038892 -0.09745948]
[ 0.43042333 -0.09750055]
[ 0.43045735 -0.09754115]
[ 0.43049097 -0.09758128]
[ 0.4305242  -0.09762095]
[ 0.43055705 -0.09766016]
[ 0.43058952 -0.09769892]
[ 0.43062162 -0.09773723]
[ 0.43065335 -0.0977751 ]
[ 0.43068471 -0.09781253]
[ 0.43071571 -0.09784953]
[ 0.43074635 -0.09788611]
[ 0.43077664 -0.09792226]
[ 0.43080658 -0.09795799]
[ 0.43083617 -0.09799332]
[ 0.43086543 -0.09802823]
[ 0.43089434 -0.09806275]
[ 0.43092292 -0.09809686]
[ 0.43095118 -0.09813058]
[ 0.4309791  -0.09816392]
[ 0.43100671 -0.09819687]
[ 0.43103399 -0.09822943]
[ 0.43106097 -0.09826163]
[ 0.43108763 -0.09829345]
[ 0.43111398 -0.0983249 ]
[ 0.43114003 -0.098356  ]
[ 0.43116578 -0.09838673]
[ 0.43119123 -0.09841711]
[ 0.43121639 -0.09844714]
[ 0.43124126 -0.09847682]
[ 0.43126584 -0.09850616]
[ 0.43129014 -0.09853516]
[ 0.43131415 -0.09856383]
[ 0.43133789 -0.09859216]
[ 0.43136136 -0.09862017]
[ 0.43138456 -0.09864786]
[ 0.43140749 -0.09867523]
[ 0.43143015 -0.09870228]
[ 0.43145255 -0.09872902]
[ 0.4314747  -0.09875545]
[ 0.43149659 -0.09878158]
[ 0.43151822 -0.0988074 ]
[ 0.43153961 -0.09883293]
[ 0.43156075 -0.09885816]
[ 0.43158165 -0.09888311]
[ 0.4316023  -0.09890776]
[ 0.43162272 -0.09893213]
[ 0.4316429  -0.09895622]
[ 0.43166285 -0.09898003]
[ 0.43168257 -0.09900357]
[ 0.43170207 -0.09902683]
[ 0.43172133 -0.09904983]
[ 0.43174038 -0.09907256]
[ 0.4317592  -0.09909503]
[ 0.43177781 -0.09911724]
[ 0.4317962 -0.0991392]
[ 0.43181439 -0.0991609 ]
[ 0.43183236 -0.09918235]
[ 0.43185012 -0.09920355]
[ 0.43186768 -0.09922451]
[ 0.43188504 -0.09924523]
[ 0.4319022  -0.09926571]
[ 0.43191916 -0.09928595]
[ 0.43193592 -0.09930596]
[ 0.43195249 -0.09932574]
[ 0.43196887 -0.09934529]
[ 0.43198506 -0.09936461]
[ 0.43200106 -0.09938371]
[ 0.43201688 -0.09940259]
[ 0.43203252 -0.09942126]
[ 0.43204797 -0.09943971]
[ 0.43206325 -0.09945794]
[ 0.43207835 -0.09947597]
[ 0.43209328 -0.09949379]
[ 0.43210804 -0.0995114 ]
[ 0.43212262 -0.09952881]
[ 0.43213704 -0.09954601]
[ 0.43215129 -0.09956302]
[ 0.43216538 -0.09957984]
[ 0.4321793  -0.09959646]
[ 0.43219307 -0.09961288]
[ 0.43220667 -0.09962912]
[ 0.43222012 -0.09964517]
[ 0.43223341 -0.09966104]
[ 0.43224655 -0.09967672]
[ 0.43225954 -0.09969223]
[ 0.43227238 -0.09970755]
[ 0.43228507 -0.0997227 ]
[ 0.43229761 -0.09973767]
[ 0.43231001 -0.09975247]
[ 0.43232227 -0.0997671 ]
[ 0.43233438 -0.09978156]
[ 0.43234636 -0.09979585]
[ 0.43235819 -0.09980998]
[ 0.43236989 -0.09982394]
[ 0.43238146 -0.09983775]
[ 0.43239289 -0.09985139]
[ 0.43240419 -0.09986488]
[ 0.43241536 -0.09987821]
[ 0.4324264  -0.09989139]
[ 0.43243732 -0.09990442]
[ 0.4324481 -0.0999173]
[ 0.43245877 -0.09993002]
[ 0.43246931 -0.0999426 ]
[ 0.43247973 -0.09995504]
[ 0.43249003 -0.09996733]
[ 0.43250021 -0.09997948]
[ 0.43251027 -0.09999149]
[ 0.43252022 -0.10000337]
[ 0.43253005 -0.1000151 ]
[ 0.43253977 -0.1000267 ]
[ 0.43254937 -0.10003817]
[ 0.43255887 -0.1000495 ]
[ 0.43256825 -0.10006071]
[ 0.43257753 -0.10007178]
[ 0.4325867  -0.10008273]
[ 0.43259577 -0.10009355]
[ 0.43260473 -0.10010424]
[ 0.43261359 -0.10011481]
[ 0.43262234 -0.10012526]
[ 0.432631   -0.10013559]
[ 0.43263955 -0.1001458 ]
[ 0.43264801 -0.1001559 ]
[ 0.43265636 -0.10016587]
[ 0.43266463 -0.10017573]
[ 0.43267279 -0.10018548]
[ 0.43268086 -0.10019512]
[ 0.43268884 -0.10020464]
[ 0.43269673 -0.10021405]
[ 0.43270453 -0.10022336]
[ 0.43271223 -0.10023256]
[ 0.43271985 -0.10024165]
[ 0.43272738 -0.10025064]
[ 0.43273482 -0.10025952]
[ 0.43274218 -0.1002683 ]
[ 0.43274945 -0.10027698]
[ 0.43275664 -0.10028556]
[ 0.43276375 -0.10029404]
[ 0.43277077 -0.10030243]
[ 0.43277771 -0.10031071]
[ 0.43278458 -0.1003189 ]
[ 0.43279136 -0.100327  ]
[ 0.43279806 -0.100335  ]
[ 0.43280469 -0.10034291]
[ 0.43281124 -0.10035073]
[ 0.43281772 -0.10035846]
[ 0.43282412 -0.1003661 ]
[ 0.43283045 -0.10037365]
[ 0.4328367  -0.10038112]
[ 0.43284288 -0.1003885 ]
[ 0.43284899 -0.10039579]
[ 0.43285503 -0.100403  ]
[ 0.432861   -0.10041013]
[ 0.43286691 -0.10041717]
[ 0.43287274 -0.10042414]
[ 0.43287851 -0.10043102]
[ 0.43288421 -0.10043782]
[ 0.43288984 -0.10044455]
[ 0.43289541 -0.10045119]
[ 0.43290092 -0.10045777]
[ 0.43290636 -0.10046426]
[ 0.43291174 -0.10047068]
[ 0.43291705 -0.10047703]
[ 0.43292231 -0.1004833 ]
[ 0.4329275 -0.1004895]
[ 0.43293264 -0.10049563]
[ 0.43293771 -0.10050169]
[ 0.43294273 -0.10050768]
[ 0.43294769 -0.1005136 ]
[ 0.43295259 -0.10051945]
[ 0.43295744 -0.10052523]
[ 0.43296223 -0.10053095]
[ 0.43296696 -0.1005366 ]
[ 0.43297164 -0.10054218]
[ 0.43297627 -0.10054771]
[ 0.43298084 -0.10055316]
[ 0.43298536 -0.10055856]
[ 0.43298983 -0.10056389]
[ 0.43299424 -0.10056916]
[ 0.43299861 -0.10057437]
[ 0.43300292 -0.10057952]
[ 0.43300719 -0.10058461]
[ 0.43301141 -0.10058964]
[ 0.43301557 -0.10059462]
[ 0.43301969 -0.10059954]
[ 0.43302376 -0.1006044 ]
[ 0.43302779 -0.1006092 ]
[ 0.43303177 -0.10061395]
[ 0.4330357  -0.10061864]
[ 0.43303959 -0.10062328]
[ 0.43304343 -0.10062787]
[ 0.43304723 -0.1006324 ]
[ 0.43305098 -0.10063688]
[ 0.43305469 -0.10064131]
[ 0.43305836 -0.10064569]
[ 0.43306199 -0.10065002]
[ 0.43306557 -0.1006543 ]
[ 0.43306911 -0.10065852]
[ 0.43307262 -0.1006627 ]
[ 0.43307608 -0.10066684]
[ 0.4330795  -0.10067092]
[ 0.43308288 -0.10067496]
[ 0.43308622 -0.10067895]
[ 0.43308953 -0.10068289]
[ 0.43309279 -0.10068679]
[ 0.43309602 -0.10069064]
[ 0.43309921 -0.10069445]
[ 0.43310237 -0.10069822]
[ 0.43310549 -0.10070194]
[ 0.43310857 -0.10070562]
[ 0.43311162 -0.10070926]
[ 0.43311463 -0.10071285]
[ 0.43311761 -0.1007164 ]
[ 0.43312055 -0.10071992]
[ 0.43312346 -0.10072339]
[ 0.43312633 -0.10072682]
[ 0.43312917 -0.10073021]
[ 0.43313198 -0.10073356]
[ 0.43313476 -0.10073688]
[ 0.4331375  -0.10074016]
[ 0.43314022 -0.10074339]
[ 0.4331429  -0.10074659]
[ 0.43314555 -0.10074976]
[ 0.43314817 -0.10075289]
[ 0.43315076 -0.10075598]
[ 0.43315332 -0.10075903]
[ 0.43315585 -0.10076205]
[ 0.43315835 -0.10076504]
[ 0.43316083 -0.10076799]
[ 0.43316327 -0.10077091]
[ 0.43316569 -0.10077379]
[ 0.43316807 -0.10077664]
[ 0.43317044 -0.10077946]
[ 0.43317277 -0.10078225]
[ 0.43317507 -0.100785  ]
[ 0.43317735 -0.10078772]
[ 0.43317961 -0.10079041]
[ 0.43318184 -0.10079307]
[ 0.43318404 -0.1007957 ]
[ 0.43318621 -0.10079829]
[ 0.43318837 -0.10080086]
[ 0.43319049 -0.1008034 ]
[ 0.43319259 -0.10080591]
[ 0.43319467 -0.10080839]
[ 0.43319673 -0.10081084]
[ 0.43319876 -0.10081326]
[ 0.43320076 -0.10081566]
[ 0.43320275 -0.10081803]
[ 0.43320471 -0.10082037]
[ 0.43320665 -0.10082268]
[ 0.43320856 -0.10082497]
[ 0.43321045 -0.10082723]
[ 0.43321233 -0.10082946]
[ 0.43321418 -0.10083167]
[ 0.43321601 -0.10083385]
[ 0.43321781 -0.10083601]
[ 0.4332196  -0.10083814]
[ 0.43322137 -0.10084025]
[ 0.43322311 -0.10084234]
[ 0.43322484 -0.1008444 ]
[ 0.43322654 -0.10084643]
[ 0.43322823 -0.10084845]
[ 0.4332299  -0.10085043]
[ 0.43323155 -0.1008524 ]
[ 0.43323317 -0.10085435]
[ 0.43323478 -0.10085627]
[ 0.43323638 -0.10085817]
[ 0.43323795 -0.10086004]
[ 0.4332395 -0.1008619]
[ 0.43324104 -0.10086373]
[ 0.43324256 -0.10086555]
[ 0.43324406 -0.10086734]
[ 0.43324554 -0.10086911]
[ 0.43324701 -0.10087086]
[ 0.43324846 -0.10087259]
[ 0.4332499 -0.1008743]
[ 0.43325131 -0.100876  ]
[ 0.43325271 -0.10087767]
[ 0.4332541  -0.10087932]
[ 0.43325547 -0.10088095]
[ 0.43325682 -0.10088257]
[ 0.43325816 -0.10088416]
[ 0.43325948 -0.10088574]
[ 0.43326078 -0.1008873 ]
[ 0.43326208 -0.10088884]
[ 0.43326335 -0.10089037]
[ 0.43326461 -0.10089187]
[ 0.43326586 -0.10089336]
[ 0.43326709 -0.10089483]
[ 0.43326831 -0.10089629]
[ 0.43326952 -0.10089772]
[ 0.43327071 -0.10089915]
[ 0.43327189 -0.10090055]
[ 0.43327305 -0.10090194]
[ 0.4332742  -0.10090331]
[ 0.43327534 -0.10090467]
[ 0.43327646 -0.10090601]
[ 0.43327757 -0.10090734]
[ 0.43327867 -0.10090865]
[ 0.43327975 -0.10090994]
[ 0.43328083 -0.10091122]
[ 0.43328189 -0.10091249]
[ 0.43328293 -0.10091374]
[ 0.43328397 -0.10091497]
[ 0.43328499 -0.1009162 ]
[ 0.43328601 -0.1009174 ]
[ 0.43328701 -0.1009186 ]
[ 0.433288   -0.10091978]
[ 0.43328897 -0.10092095]
[ 0.43328994 -0.1009221 ]
[ 0.43329089 -0.10092324]
[ 0.43329184 -0.10092437]
[ 0.43329277 -0.10092548]
[ 0.43329369 -0.10092658]
[ 0.43329461 -0.10092767]
[ 0.43329551 -0.10092875]
[ 0.4332964  -0.10092981]
[ 0.43329728 -0.10093086]
[ 0.43329815 -0.1009319 ]
[ 0.43329901 -0.10093293]
[ 0.43329986 -0.10093394]
[ 0.4333007  -0.10093495]
[ 0.43330153 -0.10093594]
[ 0.43330235 -0.10093692]
[ 0.43330317 -0.10093789]
[ 0.43330397 -0.10093885]
[ 0.43330476 -0.10093979]
[ 0.43330555 -0.10094073]
[ 0.43330632 -0.10094165]
[ 0.43330709 -0.10094257]
[ 0.43330785 -0.10094347]
[ 0.43330859 -0.10094437]
[ 0.43330933 -0.10094525]
[ 0.43331007 -0.10094612]
[ 0.43331079 -0.10094699]
[ 0.4333115  -0.10094784]
[ 0.43331221 -0.10094868]
[ 0.43331291 -0.10094952]
[ 0.4333136  -0.10095034]
[ 0.43331428 -0.10095115]
[ 0.43331496 -0.10095196]
[ 0.43331562 -0.10095275]
[ 0.43331628 -0.10095354]
[ 0.43331693 -0.10095432]
[ 0.43331758 -0.10095509]
[ 0.43331821 -0.10095585]
[ 0.43331884 -0.1009566 ]
[ 0.43331946 -0.10095734]
[ 0.43332008 -0.10095807]
[ 0.43332069 -0.1009588 ]
[ 0.43332129 -0.10095952]
[ 0.43332188 -0.10096022]
[ 0.43332247 -0.10096093]
[ 0.43332305 -0.10096162]
[ 0.43332362 -0.1009623 ]
[ 0.43332419 -0.10096298]
[ 0.43332475 -0.10096365]
[ 0.4333253  -0.10096431]
[ 0.43332585 -0.10096496]
[ 0.43332639 -0.10096561]
[ 0.43332693 -0.10096625]
[ 0.43332745 -0.10096688]
[ 0.43332798 -0.1009675 ]
[ 0.43332849 -0.10096812]
[ 0.433329   -0.10096873]
[ 0.43332951 -0.10096933]
[ 0.43333001 -0.10096992]
[ 0.4333305  -0.10097051]
[ 0.43333099 -0.10097109]
[ 0.43333147 -0.10097167]
[ 0.43333195 -0.10097224]
[ 0.43333242 -0.1009728 ]
[ 0.43333288 -0.10097336]
[ 0.43333334 -0.1009739 ]
[ 0.4333338  -0.10097445]
[ 0.43333425 -0.10097498]
[ 0.43333469 -0.10097551]
[ 0.43333513 -0.10097604]
[ 0.43333556 -0.10097656]
[ 0.43333599 -0.10097707]
[ 0.43333642 -0.10097757]
[ 0.43333684 -0.10097807]
[ 0.43333725 -0.10097857]
[ 0.43333766 -0.10097906]
[ 0.43333806 -0.10097954]
[ 0.43333846 -0.10098002]
[ 0.43333886 -0.10098049]
[ 0.43333925 -0.10098096]
[ 0.43333964 -0.10098142]
[ 0.43334002 -0.10098187]
[ 0.4333404  -0.10098233]
[ 0.43334077 -0.10098277]
[ 0.43334114 -0.10098321]
[ 0.4333415  -0.10098365]
[ 0.43334187 -0.10098408]
[ 0.43334222 -0.1009845 ]
[ 0.43334257 -0.10098492]
[ 0.43334292 -0.10098534]
[ 0.43334327 -0.10098575]
[ 0.43334361 -0.10098616]
[ 0.43334394 -0.10098656]
[ 0.43334428 -0.10098695]
[ 0.4333446  -0.10098735]
[ 0.43334493 -0.10098773]
[ 0.43334525 -0.10098812]
[ 0.43334557 -0.1009885 ]
[ 0.43334588 -0.10098887]
[ 0.43334619 -0.10098924]
[ 0.4333465  -0.10098961]
[ 0.4333468  -0.10098997]
[ 0.4333471  -0.10099032]
[ 0.4333474  -0.10099068]
[ 0.43334769 -0.10099103]
[ 0.43334798 -0.10099137]
[ 0.43334826 -0.10099171]
[ 0.43334855 -0.10099205]
[ 0.43334883 -0.10099238]
[ 0.4333491  -0.10099271]
[ 0.43334937 -0.10099304]
[ 0.43334964 -0.10099336]
[ 0.43334991 -0.10099368]
[ 0.43335017 -0.10099399]
[ 0.43335043 -0.10099431]
[ 0.43335069 -0.10099461]
[ 0.43335095 -0.10099492]
[ 0.4333512  -0.10099522]
[ 0.43335145 -0.10099551]
[ 0.43335169 -0.10099581]
[ 0.43335194 -0.1009961 ]
[ 0.43335218 -0.10099638]
[ 0.43335241 -0.10099667]
[ 0.43335265 -0.10099695]
[ 0.43335288 -0.10099723]
[ 0.43335311 -0.1009975 ]
[ 0.43335334 -0.10099777]
[ 0.43335356 -0.10099804]
[ 0.43335378 -0.1009983 ]
[ 0.433354   -0.10099856]
[ 0.43335422 -0.10099882]
[ 0.43335443 -0.10099908]
[ 0.43335464 -0.10099933]
[ 0.43335485 -0.10099958]
[ 0.43335506 -0.10099982]
[ 0.43335526 -0.10100007]
[ 0.43335546 -0.10100031]
[ 0.43335566 -0.10100055]
[ 0.43335586 -0.10100078]
[ 0.43335606 -0.10100102]
[ 0.43335625 -0.10100125]
[ 0.43335644 -0.10100147]
[ 0.43335663 -0.1010017 ]
[ 0.43335681 -0.10100192]
[ 0.433357   -0.10100214]
[ 0.43335718 -0.10100236]
[ 0.43335736 -0.10100257]
[ 0.43335754 -0.10100278]
[ 0.43335771 -0.10100299]
[ 0.43335789 -0.1010032 ]
[ 0.43335806 -0.1010034 ]
[ 0.43335823 -0.10100361]
[ 0.4333584  -0.10100381]
[ 0.43335856 -0.10100401]
[ 0.43335872 -0.1010042 ]
[ 0.43335889 -0.10100439]
[ 0.43335905 -0.10100459]
[ 0.43335921 -0.10100477]
[ 0.43335936 -0.10100496]
[ 0.43335952 -0.10100515]
[ 0.43335967 -0.10100533]
[ 0.43335982 -0.10100551]
[ 0.43335997 -0.10100569]
[ 0.43336012 -0.10100586]
[ 0.43336026 -0.10100604]
[ 0.43336041 -0.10100621]
[ 0.43336055 -0.10100638]
[ 0.43336069 -0.10100655]
[ 0.43336083 -0.10100671]
[ 0.43336097 -0.10100688]
[ 0.4333611  -0.10100704]
[ 0.43336124 -0.1010072 ]
[ 0.43336137 -0.10100736]
[ 0.4333615  -0.10100752]
[ 0.43336163 -0.10100767]
[ 0.43336176 -0.10100782]
[ 0.43336189 -0.10100798]
[ 0.43336201 -0.10100813]
[ 0.43336214 -0.10100827]
[ 0.43336226 -0.10100842]
[ 0.43336238 -0.10100856]
[ 0.4333625  -0.10100871]
[ 0.43336262 -0.10100885]
[ 0.43336274 -0.10100899]
[ 0.43336285 -0.10100913]
[ 0.43336297 -0.10100926]
[ 0.43336308 -0.1010094 ]
[ 0.43336319 -0.10100953]
[ 0.4333633  -0.10100966]
[ 0.43336341 -0.10100979]
[ 0.43336352 -0.10100992]
[ 0.43336362 -0.10101005]
[ 0.43336373 -0.10101018]
[ 0.43336383 -0.1010103 ]
[ 0.43336394 -0.10101042]
[ 0.43336404 -0.10101054]
[ 0.43336414 -0.10101066]
[ 0.43336424 -0.10101078]
[ 0.43336434 -0.1010109 ]
[ 0.43336444 -0.10101102]
[ 0.43336453 -0.10101113]
[ 0.43336463 -0.10101124]
[ 0.43336472 -0.10101136]
[ 0.43336481 -0.10101147]
[ 0.4333649  -0.10101158]
[ 0.433365   -0.10101168]
[ 0.43336508 -0.10101179]
[ 0.43336517 -0.1010119 ]
[ 0.43336526 -0.101012  ]
[ 0.43336535 -0.10101211]
[ 0.43336543 -0.10101221]
[ 0.43336552 -0.10101231]
[ 0.4333656  -0.10101241]
[ 0.43336568 -0.10101251]
[ 0.43336577 -0.1010126 ]
[ 0.43336585 -0.1010127 ]
[ 0.43336593 -0.1010128 ]
[ 0.43336601 -0.10101289]
[ 0.43336608 -0.10101298]
[ 0.43336616 -0.10101308]
[ 0.43336624 -0.10101317]
[ 0.43336631 -0.10101326]
[ 0.43336639 -0.10101335]
[ 0.43336646 -0.10101343]
[ 0.43336653 -0.10101352]
[ 0.4333666  -0.10101361]
[ 0.43336668 -0.10101369]
[ 0.43336675 -0.10101377]
[ 0.43336682 -0.10101386]
[ 0.43336688 -0.10101394]
[ 0.43336695 -0.10101402]
[ 0.43336702 -0.1010141 ]
[ 0.43336708 -0.10101418]
[ 0.43336715 -0.10101426]
[ 0.43336722 -0.10101433]
[ 0.43336728 -0.10101441]
[ 0.43336734 -0.10101449]
[ 0.43336741 -0.10101456]
[ 0.43336747 -0.10101464]
[ 0.43336753 -0.10101471]
[ 0.43336759 -0.10101478]
[ 0.43336765 -0.10101485]
[ 0.43336771 -0.10101492]
[ 0.43336777 -0.10101499]
[ 0.43336782 -0.10101506]
[ 0.43336788 -0.10101513]
[ 0.43336794 -0.1010152 ]
[ 0.43336799 -0.10101526]
[ 0.43336805 -0.10101533]
[ 0.4333681  -0.10101539]
[ 0.43336816 -0.10101546]
[ 0.43336821 -0.10101552]
[ 0.43336826 -0.10101558]
[ 0.43336831 -0.10101565]
[ 0.43336836 -0.10101571]
[ 0.43336842 -0.10101577]
[ 0.43336847 -0.10101583]
[ 0.43336852 -0.10101589]
[ 0.43336856 -0.10101594]
[ 0.43336861 -0.101016  ]
[ 0.43336866 -0.10101606]
[ 0.43336871 -0.10101612]
[ 0.43336875 -0.10101617]
[ 0.4333688  -0.10101623]
[ 0.43336885 -0.10101628]
[ 0.43336889 -0.10101634]
[ 0.43336894 -0.10101639]
[ 0.43336898 -0.10101644]
[ 0.43336902 -0.10101649]
[ 0.43336907 -0.10101655]
[ 0.43336911 -0.1010166 ]
[ 0.43336915 -0.10101665]
[ 0.43336919 -0.1010167 ]
[ 0.43336924 -0.10101675]
[ 0.43336928 -0.10101679]
[ 0.43336932 -0.10101684]
[ 0.43336936 -0.10101689]
[ 0.4333694  -0.10101694]
[ 0.43336943 -0.10101698]
[ 0.43336947 -0.10101703]
[ 0.43336951 -0.10101707]
[ 0.43336955 -0.10101712]
[ 0.43336959 -0.10101716]
[ 0.43336962 -0.10101721]
[ 0.43336966 -0.10101725]
[ 0.43336969 -0.10101729]
[ 0.43336973 -0.10101734]
[ 0.43336976 -0.10101738]
[ 0.4333698  -0.10101742]
[ 0.43336983 -0.10101746]
[ 0.43336987 -0.1010175 ]
[ 0.4333699  -0.10101754]
[ 0.43336993 -0.10101758]
[ 0.43336997 -0.10101762]
[ 0.43337    -0.10101766]
[ 0.43337003 -0.1010177 ]
[ 0.43337006 -0.10101773]
[ 0.43337009 -0.10101777]
[ 0.43337012 -0.10101781]
[ 0.43337015 -0.10101784]
[ 0.43337018 -0.10101788]
[ 0.43337021 -0.10101791]
[ 0.43337024 -0.10101795]
[ 0.43337027 -0.10101798]
[ 0.4333703  -0.10101802]
[ 0.43337033 -0.10101805]
[ 0.43337036 -0.10101809]
[ 0.43337039 -0.10101812]
[ 0.43337041 -0.10101815]
[ 0.43337044 -0.10101818]
[ 0.43337047 -0.10101822]
[ 0.43337049 -0.10101825]
[ 0.43337052 -0.10101828]
[ 0.43337055 -0.10101831]
[ 0.43337057 -0.10101834]
[ 0.4333706  -0.10101837]
[ 0.43337062 -0.1010184 ]
[ 0.43337065 -0.10101843]
[ 0.43337067 -0.10101846]
[ 0.4333707  -0.10101849]
